0.000000 5.750000
1.000000 12.750000
2.000000 16.250000
3.000000 18.750000
4.000000 20.250000
5.000000 22.250000
6.000000 24.500000
7.000000 25.750000
8.000000 26.750000
9.000000 26.750000
10.000000 27.250000
11.000000 26.500000
20.000000 28.250000
30.000000 32.000000
40.000000 33.250000
50.000000 34.000000
60.000000 34.500000
70.000000 37.000000
80.000000 41.000000
90.000000 42.000000
100.000000 42.000000
110.000000 40.250000
200.000000 47.750000
300.000000 50.500000
400.000000 51.250000
500.000000 56.500000
600.000000 55.000000
700.000000 55.750000
800.000000 55.000000
900.000000 55.000000
