0.000000 5.750000
1.000000 10.500000
2.000000 12.000000
3.000000 12.000000
4.000000 13.000000
5.000000 11.500000
6.000000 12.750000
7.000000 11.500000
8.000000 11.500000
9.000000 12.250000
10.000000 11.000000
11.000000 10.000000
20.000000 9.250000
30.000000 11.250000
40.000000 12.250000
50.000000 10.250000
60.000000 11.250000
70.000000 9.750000
80.000000 9.500000
90.000000 9.750000
100.000000 10.500000
110.000000 12.750000
200.000000 9.750000
300.000000 11.250000
400.000000 11.750000
500.000000 12.250000
600.000000 11.750000
700.000000 9.500000
800.000000 10.500000
900.000000 8.000000
