1 4 5 
2 4 5 
3 4 5 
4 4 5 
5 4 5 
6 4 5 
7 4 6 
8 4 6 
9 4 6 
10 4 6 
11 4 6 
20 4 6 
30 4 7 
40 4 7 
50 4 7 
60 4 7 
70 4 7 
80 4 7 
90 4 7 
100 4 7 
110 4 8 
200 4 8 
300 4 9 
400 4 10 
500 4 12 
1 5 5 
2 5 5 
3 5 5 
4 5 5 
5 5 5 
6 5 6 
7 5 6 
8 5 6 
9 5 6 
10 5 6 
11 5 6 
20 5 6 
30 5 6 
40 5 6 
50 5 7 
60 5 7 
70 5 8 
80 5 8 
90 5 9 
100 5 9 
110 5 10 
200 5 11 
300 5 12 
400 5 12 
500 5 12 
1 6 5 
2 6 5 
3 6 5 
4 6 6 
5 6 6 
6 6 7 
7 6 7 
8 6 7 
9 6 7 
10 6 7 
11 6 7 
20 6 7 
30 6 7 
40 6 8 
50 6 8 
60 6 8 
70 6 8 
80 6 8 
90 6 9 
100 6 9 
110 6 9 
200 6 9 
300 6 11 
400 6 11 
500 6 13 
1 7 5 
2 7 5 
3 7 5 
4 7 5 
5 7 5 
6 7 5 
7 7 5 
8 7 5 
9 7 5 
10 7 5 
11 7 5 
20 7 7 
30 7 9 
40 7 9 
50 7 10 
60 7 10 
70 7 11 
80 7 12 
90 7 12 
100 7 12 
110 7 12 
200 7 14 
300 7 15 
400 7 15 
500 7 21 
