0.000000 4.250000
1.000000 9.500000
2.000000 11.750000
3.000000 13.500000
4.000000 15.000000
5.000000 16.500000
6.000000 16.750000
7.000000 17.500000
8.000000 18.500000
9.000000 19.750000
10.000000 20.000000
11.000000 20.250000
20.000000 22.250000
30.000000 22.250000
40.000000 23.000000
50.000000 25.000000
60.000000 25.250000
70.000000 26.250000
80.000000 26.500000
90.000000 27.000000
100.000000 27.000000
110.000000 27.000000
200.000000 31.250000
300.000000 33.000000
400.000000 36.750000
500.000000 39.500000
600.000000 40.500000
700.000000 41.750000
800.000000 43.250000
900.000000 43.750000
