0.000000 5.666667
1.000000 12.666667
2.000000 15.666667
3.000000 18.333333
4.000000 19.666667
5.000000 21.000000
6.000000 22.333333
7.000000 24.000000
8.000000 25.666667
9.000000 26.333333
10.000000 27.666667
11.000000 28.333333
20.000000 30.666667
30.000000 33.000000
40.000000 35.000000
50.000000 36.666667
60.000000 36.666667
70.000000 37.333333
80.000000 38.666667
90.000000 38.666667
100.000000 39.666667
110.000000 39.666667
200.000000 45.333333
300.000000 46.000000
400.000000 47.000000
500.000000 48.333333
600.000000 49.333333
700.000000 50.333333
800.000000 51.000000
900.000000 51.000000
