0.000000 5.750000
1.000000 12.250000
2.000000 14.750000
3.000000 15.750000
4.000000 19.000000
5.000000 19.500000
6.000000 21.000000
7.000000 21.750000
8.000000 23.500000
9.000000 24.000000
10.000000 25.000000
11.000000 25.500000
20.000000 25.500000
30.000000 26.500000
40.000000 29.000000
50.000000 28.250000
60.000000 30.250000
70.000000 33.000000
80.000000 32.250000
90.000000 36.750000
100.000000 34.500000
110.000000 32.750000
200.000000 39.250000
300.000000 43.500000
400.000000 43.250000
500.000000 43.750000
600.000000 45.750000
700.000000 44.750000
800.000000 46.000000
900.000000 42.500000
