0.000000 5.750000
1.000000 12.500000
2.000000 14.250000
3.000000 14.750000
4.000000 16.500000
5.000000 17.750000
6.000000 18.500000
7.000000 18.500000
8.000000 21.000000
9.000000 21.250000
10.000000 22.250000
11.000000 22.500000
20.000000 21.000000
30.000000 22.000000
40.000000 23.500000
50.000000 22.750000
60.000000 24.000000
70.000000 25.500000
80.000000 25.250000
90.000000 26.000000
100.000000 27.250000
110.000000 29.250000
200.000000 23.250000
300.000000 29.000000
400.000000 28.500000
500.000000 28.500000
600.000000 28.750000
700.000000 30.250000
800.000000 30.250000
900.000000 30.750000
