36 72 108 
144 180 108 
T= 1.000000 108 36 N_INITIAL=1 216 
Insert channels 746496000 746496 
746496.000000 1 1.000000 746496 
1492992.000000 2 2.000000 746496 
2239488.000000 3 3.000000 746496 
2985984.000000 4 4.000000 746496 
3732480.000000 5 5.000000 746496 
4478976.000000 6 6.000000 746496 
5225472.000000 7 7.000000 746496 
5971968.000000 8 8.000000 746496 
6718464.000000 9 9.000000 746496 
7464960.000000 10 10.000000 746496 
8211456.000000 11 11.000000 746496 
14929920.000000 20 20.000000 746496 
22394880.000000 30 30.000000 746496 
29859840.000000 40 40.000000 746496 
37324800.000000 50 50.000000 746496 
44789760.000000 60 60.000000 746496 
52254720.000000 70 70.000000 746496 
59719680.000000 80 80.000000 746496 
67184640.000000 90 90.000000 746496 
74649600.000000 100 100.000000 746496 
82114560.000000 110 110.000000 746496 
149299200.000000 200 200.000000 746496 
223948800.000000 300 300.000000 746496 
298598400.000000 400 400.000000 746496 
373248000.000000 500 500.000000 746496 
447897600.000000 600 600.000000 746496 
522547200.000000 700 700.000000 746496 
597196800.000000 800 800.000000 746496 
671846400.000000 900 900.000000 746496 
