0.000000 5.750000
1.000000 10.500000
2.000000 12.500000
3.000000 11.750000
4.000000 12.750000
5.000000 14.500000
6.000000 15.000000
7.000000 15.250000
8.000000 16.250000
9.000000 15.500000
10.000000 16.250000
11.000000 16.000000
20.000000 14.500000
30.000000 15.000000
40.000000 17.250000
50.000000 15.750000
60.000000 13.500000
70.000000 14.750000
80.000000 15.000000
90.000000 16.000000
100.000000 16.500000
110.000000 15.500000
200.000000 15.000000
300.000000 16.500000
400.000000 15.500000
500.000000 17.000000
600.000000 15.750000
700.000000 19.750000
800.000000 16.000000
900.000000 16.250000
