0.000000 5.750000
1.000000 12.250000
2.000000 16.750000
3.000000 18.250000
4.000000 18.500000
5.000000 20.250000
6.000000 21.500000
7.000000 23.000000
8.000000 23.250000
9.000000 25.500000
10.000000 25.750000
11.000000 26.500000
20.000000 26.000000
30.000000 29.750000
40.000000 31.000000
50.000000 29.250000
60.000000 34.000000
70.000000 34.000000
80.000000 32.250000
90.000000 35.250000
100.000000 38.750000
110.000000 38.250000
200.000000 39.750000
300.000000 43.750000
400.000000 45.750000
500.000000 46.000000
600.000000 50.750000
700.000000 53.000000
800.000000 52.250000
900.000000 54.250000
