0.000000 5.750000
1.000000 14.750000
2.000000 19.750000
3.000000 23.000000
4.000000 25.750000
5.000000 26.500000
6.000000 28.000000
7.000000 28.000000
8.000000 30.250000
9.000000 31.250000
10.000000 32.000000
11.000000 32.250000
20.000000 34.000000
30.000000 35.250000
40.000000 38.000000
50.000000 39.000000
60.000000 39.000000
70.000000 40.500000
80.000000 41.750000
90.000000 43.000000
100.000000 42.500000
110.000000 44.000000
200.000000 47.500000
300.000000 53.250000
400.000000 53.750000
500.000000 56.250000
600.000000 56.500000
700.000000 57.250000
800.000000 56.500000
900.000000 57.500000
